0.23166800706592544
9.325750836399632
9.57552933269288
10.235112334051415
10.651448608834729
9.547311763830193
9.53690040004784
9.685909685554053
8.649811549239308
9.337634775337518
9.482118098297164
9.854667117777527
8.866265649071837
8.023649110738418
10.124480566582221
8.73679369163395
10.150548293166471
10.06070285010999
10.88515540067263
10.248461986923774
9.9903676398431
9.413361605784242
8.952569760522243
9.968409514601687
9.852245815682869
9.068510506731704
9.814851128813276
8.520051953518095
8.439015929952793
9.368172188551512
9.469671364809468
9.754837353249062
9.515798051921092
10.362987101066885
10.097126644034438
8.730495968214472
8.984178154007298
9.81958924596452
9.388453933989672
9.976997954792298
8.828699233659618
9.553344065830844
9.682566871584857
9.88973998518297
8.69781353148146
9.555265825132173
9.892658052297094
9.63933039777167
9.800377920418942
9.474905969390637
9.598736006290675
10.741001094253008
10.32624278304817
9.638074482622965
9.004325584320986
8.414198944670321
9.299377913604975
8.331939149071506
9.907103426300768
5.9612535235149
9.812511331880513
9.858674370009613
10.251184703232116
9.695118258463197
9.334438666789811
9.433213796143548
9.71740705362188
9.130334458615199
5.144371081212252
7.996854874658291
8.629921311685885
9.527615361200837
10.332276613968649
10.309290716166029
9.432458574065858
9.287918100406323
10.917512122531733
9.703540610214539
8.64946193275273
9.574348996021705
8.225402846873475
9.105648696796928
9.000337541841349
9.859293120644415
10.036385842112342
8.617061819547478
8.88843303239741
9.315535450106086
9.759265627770334
9.195216028068588
8.510018735292673
8.797712173313695
9.72679068160288
9.653500360081228
9.856862595800163
10.425980036963063
9.964939923655182
9.896418388543825
10.335021133019627
6.10103566083435
9.976978968987021
9.717368781010386
10.377555819855322
9.497547324089028
9.457455583169745
8.369057880790473
8.531280008087247
9.483648900697746
9.298229629230594
9.550594443842295
10.381824954920056
9.494879158462439
9.886275996145717
9.48705746107286
9.529197694710179
10.342322331583272
10.254821421585886
9.747714252314566
9.906090268786553
8.234984366640324
9.166332843142719
8.2412754227572
8.689011455239712
9.757735364457803
10.267450892265918
9.28867709503838
9.875338189337057
9.067532221023345
9.582978719515301
9.852062993198716
10.468280588487373
9.868082197001957
10.385506113113587
9.201844974410458
8.937350602151373
10.089732937342825
9.525388862734196
10.112958428723157
9.880179121213049
9.399550315435816
10.33215953333752
9.34209594354344
10.109428926152287
9.683009466221813
10.193249418074233
9.6532581872983
9.729064947819667
10.527335078057018
9.177665099020354
9.60674301420064
8.781028658329271
8.909651550387927
9.852606852162882
10.065616149127349
10.907835986540176
10.590615031775855
9.902425446208394
9.01673736861487
9.346071948396665
9.176930160834065
8.703023884479363
9.30523713323628
9.789441892880367
9.98220041349113
9.622059852490795
9.614157321965886
9.185590224472195
9.534676062741532
10.189173536693913
9.356222965341878
9.676394883648285
9.873234410412424
9.711064671373514
9.75248299426496
10.790874679275175
10.766935837666708
10.821212166557189
9.732871306841453
9.837329937816351
8.728381185770981
8.667185199818485
8.865191848588257
10.054651725300168
9.587826491663035
10.387975390653928
9.992695425945294
9.853410021793863
10.36823860744427
9.454019244770125
9.609604325612299
8.829108095267467
9.116108064780098
9.141834856026538
8.598692986791896
9.669773726634515
9.819244417787228
10.354409142818772
10.457446463699533
9.786981737658365
9.851269298304127
9.777807617278564
9.030268151967062
9.113968719667124
8.994666853666692
9.37443062396015
9.428349400902619
9.408129344551687
9.521042726044248
9.666061102869717
10.621510875117153
9.830288641261486
9.867390379685848
10.005782608280771
10.090961232730647
9.481142844742507
9.610641421428618
8.839785339876071
8.802950558665607
8.715210514012623
9.301638202700694
10.100010306368855
9.708810048653955
10.631008815696658
9.987748392705804
9.472417366827216
10.03537968621733
9.312036055437455
9.990039266535604
9.821815119721919
10.137464594558601
9.776556379533188
10.774907331980529
10.769172307619625
10.328480481350121
10.989865112720489
9.525940521921928
