8.968563763170955
8.293817954596912
9.647680469164392
9.043311173005366
9.985075845604873
10.404400191601722
9.11129397064612
10.50193560631763
9.938670949574261
9.874071165376115
10.832752004004265
6.110278304897979
9.748514005558622
9.202880727330333
9.356926367620689
9.419623466951736
9.420552250515522
10.136413574366255
9.494487982216668
10.349225258471304
11.033312981669562
10.63481221053678
9.793124156093047
10.107272949847077
9.444116453682826
9.475528859524058
10.088713630706721
9.165453508470984
9.618297748898987
9.373249068106446
9.770589489107888
9.863169610470663
9.906967702650006
10.373988059153664
8.962423585064307
9.344041889640918
9.2197378654051
10.107107330953172
9.307316454005239
10.752593676528306
10.10855668033416
9.546327399820331
9.058694096206985
9.460834667543658
9.470460356554828
9.211389582572453
9.472742544143644
9.151648671983432
8.63080566867434
9.214896732090475
10.396536920151263
9.90512877977611
10.375330173300476
9.859390459274666
6.010983796599841
9.468333159135252
9.746663218168843
9.082354571596854
10.918251030247403
10.1071511707204
9.436641393119896
9.459381621397311
10.622837089806866
10.167058306786323
10.515255291091512
9.53355561530959
9.834331427649632
9.39055379654021
8.899650872098329
9.027652014189218
9.64646896748405
10.444920361386977
10.547298211414498
10.388098885354065
10.839860296371416
10.353184879324036
9.6722622897894
5.928203269773485
9.454786448670813
9.344910022213162
10.45691460107294
9.433771804738226
10.449682471267947
9.930752582364935
9.815595321618815
9.773943260243021
9.920389558754417
9.450561979273811
9.031487331210204
9.866037205484028
9.180318683242865
9.670986629688699
9.4355502344769
9.118315812174568
9.898349851806907
9.498214062089904
9.594932851776123
10.281505050294586
9.125177747493261
8.99613112894764
9.065883924460765
9.362256457234285
9.832929674798368
9.178319815221471
10.087847381979657
10.098560975092985
10.468902449830162
9.62392323813973
10.328287187326627
10.003551313377766
5.654547300284177
9.316781141038602
9.696785866375306
10.131861670737395
9.28389277239134
9.577877756408881
10.153189732029928
9.328635991601722
9.853074387434082
10.050577530847454
10.961643301468294
10.132001178840774
9.971120554804857
10.019265502996841
9.977536707132945
9.297225885821318
9.194077198784822
9.297048655904684
9.821417239716768
9.930992418755382
9.642073727782194
9.88407671410554
9.67596182216945
10.248341789923732
9.49391202312055
9.442964038287835
9.600981545659728
10.122244880721103
9.32095104144189
9.444014383402797
9.102006918673148
8.740562481322934
10.28580649322336
9.875384691814503
10.363937101342273
9.018028514599267
9.844781071599748
9.554989375002279
9.32426850702026
10.249255858745483
8.940303394084907
5.8372117685469735
9.76124614663522
10.021951596574242
9.827423365594655
9.44750516320317
9.56081344452919
9.27585052322709
9.757369897787676
9.526239093542069
8.606555240989678
10.135303992377567
9.999644768936498
10.348183487578515
10.28425796267286
9.769881689112008
10.196151073933754
9.323002162539673
9.111521589851796
9.496145328943777
9.543557928201423
9.80152073803794
9.698061614991737
5.699807954583134
9.64816870603834
9.25466307215775
9.643969265697388
9.783367987053488
9.694047167805339
9.213799575501769
10.357244718225084
9.041385158803417
9.482694771149918
9.939278584847893
9.226505737331136
9.484590353735559
9.437860222684956
9.876628795656671
10.056888997160586
10.137484196072869
9.83834523239588
10.222537330639042
8.990080334713685
9.783297245364057
10.381372702136838
8.978748837599607
8.730990291900772
8.85411112138457
9.613319969479807
10.639535871839666
9.192670680552423
9.460740771483957
10.382865799922765
9.464948717190724
9.547003177551373
9.805037890662348
10.920016287713503
10.13435871241601
9.176221438510208
9.25748805652088
9.549061520959173
9.637235173312906
9.624252275727462
10.031498631710917
10.07169499335686
9.022441750958215
9.694040446226358
9.822677687065239
9.43778164752283
9.358771996763714
9.295816476560239
10.182952099165151
9.442266772203476
10.211233539109427
9.470396205974543
9.38570808401323
9.802175859883448
5.714861869510029
9.460292656872944
9.250083032995747
9.96056197815627
9.477963411476045
5.766151787824293
9.669026961582121
9.76570298069842
10.2709557981759
8.919153120382191
9.47124734106213
5.607453495533948
8.915397437636065
10.401453618062202
9.40339829518029
9.416939698459743
9.055484680521518
9.49619907879508
9.879564727657996
10.329912608475924
8.541801798536024
9.533165579356941
9.72466403187715
9.254050504832101
9.875484673624054
10.809348661531612
10.062636210005481
10.538661445792517
