8.331980527542608
9.220749271176123
10.167050913259331
10.44796188588733
9.665695788629273
9.69895192313918
9.006848917946552
8.49907041822568
9.818106656610508
10.302977452755036
9.641783366163747
9.752714297107904
9.776342174213724
9.30600309068258
7.94866226167586
9.207032134910781
10.041549465890055
9.946896812101228
9.018476430885935
9.046412453725152
10.658377756962892
9.732729022778596
10.300791266426595
10.170120150993757
9.836044967682234
10.041621587586448
10.627507031914922
9.670496080781755
9.711320995863842
9.597514803677088
9.778680710513978
9.100099260697645
8.724548484297575
8.884661766546907
9.889187355866818
9.027259529966543
9.53600273554766
9.820566390669592
10.360662767578564
9.180829086540882
8.7389453270033
9.344406194219452
10.430468088662002
9.864793448219821
9.213473717692299
10.093809795291486
9.239517685432865
9.365523927804503
9.896236257993214
10.565801227196628
10.308801687433931
9.404627530645786
9.067491055311146
9.861029281419583
10.10969696487629
9.196697936243043
10.492346570559668
9.341831690390393
8.742395251018205
9.403467865966578
10.059993413748286
9.888322393470125
9.526111441066284
5.296767324471426
9.679749074040098
10.032664792635018
9.620342820863575
9.293550778682839
8.915827635574422
9.65626065501722
8.739466101913875
9.823367850030483
10.154539239099066
9.359200103001756
10.406018678863866
8.999176958970676
9.254891784749557
9.491890272287069
9.08267712102169
9.66166357457485
10.582232926474202
9.680888509128897
9.395724426396086
10.246436543268024
9.92164268163936
10.132855443816617
9.462241197471053
9.184109882515852
9.015917508399415
9.621631640715684
8.902025180675302
8.244466691053633
10.292245205643491
10.134931736734146
9.906328915408823
10.284573179463338
9.484528156311061
9.741515520379636
9.320348307770528
9.093038411292067
9.486297884351547
8.938059094316753
9.206136891962158
9.102479019590396
9.168789464307379
10.46389830047573
9.892126094004235
9.661200675359735
9.216459922951232
8.778635764089902
8.809088707646612
9.665502005089115
10.937215441790798
9.578442074493594
9.81565963987518
9.22850534572043
9.632801883427659
9.005947703155933
9.767085630454146
9.23347665391964
9.120467114988273
8.865161868363368
9.220256715197372
9.923076886679294
9.488478238935775
9.476049067646043
8.775777763364097
10.01359161784181
10.095153281649766
9.422867601681075
8.998817837565303
8.835710874530834
8.839150086909902
9.848315470760676
10.128918211411957
10.127685549704642
9.284301724576824
9.872407092177214
10.058857076255192
9.760233074413474
9.382569237290884
9.487853645195827
9.515621026228677
9.293818485425671
9.266841385002945
9.667694216906682
9.961134442056593
9.679673121237542
10.070159483054596
9.826582986671115
9.201649156499844
9.603364459960948
8.702942622217787
9.288841663082653
8.405637822227833
10.007933707136209
9.480272787848047
6.05304705679292
10.12222045245025
10.048742692489313
9.459304820806077
8.877733848574278
10.028275103897737
8.482361849045127
9.433767561077754
9.883017028236189
9.914445060605159
9.462922202097486
9.861177659962147
9.835249238902087
10.774458933508631
10.195070503501293
