0.36785768023272597
5.509426031399088
10.009022740120983
10.362953815805794
10.386586277575143
10.083164451368004
9.579297427503288
8.734752256314119
9.300806965032255
9.701002271729573
9.881999477898816
9.399472376876734
9.430017658080741
9.680551119021988
7.102046677079086
9.664740310613393
9.048221540670577
9.205821678555743
9.802572182391284
10.177461783294982
10.157662424846253
10.265933009974171
9.56884023750175
9.404560051409662
8.939838438092803
9.888730375746876
9.757998699027807
9.440048110596756
10.477511579009425
9.790906695033494
10.283360331122758
10.121255630053172
10.436536077590047
8.950716581611857
8.031117270705627
9.387445325003867
9.27741599559211
10.333055522228625
9.960611652168543
9.402519262110415
10.260613914037748
9.770439272175997
8.974528010202063
10.228350767497467
10.396549805258529
10.092685234514
9.43688980496033
9.430532880922406
9.408049153381807
10.924692286694825
9.803468035157167
8.741615410138373
9.646426814478895
8.51230023471058
9.027255644154758
10.044810401780058
9.288485792016335
9.987460620968337
10.29152041653836
9.300052173191936
8.132215509419037
9.102394077318735
9.006371212965487
9.962135229152882
8.751134237134377
9.276310056657913
9.088756739960132
5.265994424276057
9.086872349312706
9.021250236591703
9.19754495538944
9.062268004172576
8.698522436786815
8.456080759596976
9.224547570275444
9.634102895511095
9.265195564515238
9.732284129614234
9.462164350439268
10.581664268683141
8.28497293060564
5.223031826181532
9.671443776874703
8.28948400812761
9.933873712053174
9.186962380429202
8.737283268482004
9.96973167344816
9.22765058471652
5.843943464711285
8.872544996238855
9.06983025250316
8.89393845900041
9.296242963216454
8.341554956799683
8.491898356469076
8.845118729836848
9.530172032812862
9.136955740822916
8.866925425133395
8.783667499665453
9.503770983423987
5.874034754847548
8.895049417600996
9.055586345580087
7.8348618986189305
7.998974740786399
9.191699668408376
10.395609276355446
8.874257041130067
8.967581996435891
8.142796515896716
8.680496644053619
9.023018215323003
8.483621163583672
8.818341662214715
8.761080062196235
9.864106731588512
9.342108428314203
9.49359183727977
9.247062771188382
9.789055770001402
9.498807752766265
8.749126245914397
9.019721522841854
5.355846860952935
9.111970923753061
8.69963924211183
9.283516732580612
9.4662581920983
9.582492679428537
9.355085639445356
5.8105262924574745
8.949225043468019
9.091152244955198
10.016497126137581
8.647562724819819
8.093668253893517
9.103757295880838
9.606472378354892
8.975664956763072
9.910059848264684
8.84458715282925
9.661728116931148
8.815998806121987
9.134977698897327
9.277695086783517
8.725205487203127
9.56133870012148
8.75402736426658
8.363562475809939
10.069098199240864
9.570752949627352
8.870846744916498
8.964327596992701
8.860414436232032
9.455374722660189
9.59480554655774
9.113822171665976
8.855058851049662
9.415694560305017
9.77661562947028
8.970579743187109
8.976458301231016
9.08516978440423
9.852625367567432
9.35174412771318
9.91624290055325
8.920778846227469
9.057064657010672
9.901275340080852
9.515370610888343
10.070261029906076
8.512098114607479
9.159812955937374
9.269257951779485
9.968357393660737
8.698601812512884
9.26827069343914
9.59882607130491
9.217134364607714
8.978933361191554
9.316661109801798
8.964272035892105
9.24915084439244
8.8010129034397
9.17546866642676
8.475442296504609
9.829542218854808
9.863392276587664
10.570746156411007
9.313307694357352
9.265543512645644
9.513382867081319
9.513335395843106
9.163981651516458
9.635935528914557
9.582466408395954
9.466826527222038
9.207300943866537
8.924744155663152
9.066852054571836
10.037178421965518
8.99431580712558
9.028277727923275
9.581757144962118
9.678308407842138
10.039417535776895
9.232488873500078
9.059641122519201
8.454507504192176
9.005056335491114
8.884417112002689
9.057305221587734
9.194514556487801
8.842541643792412
9.479604281197933
8.28484528372847
8.66929193099132
9.569538856493331
9.992531160071653
9.53949460263857
8.37691717439142
9.329526166045078
8.205991857209657
8.890254854577291
10.522256446484633
9.2543036894945
9.919603585177772
9.300072794291934
9.219243391046508
9.835805082261611
9.261400534048637
10.780498838237412
9.518501750265235
10.466587827746524
8.600288623959234
8.876865800363726
9.840671970171364
9.607343748246283
10.452283947586867
9.210331688447207
9.333053258187748
9.589604287161539
8.417907368386405
9.01553185740672
8.786904313483296
9.010844670011938
9.78304851657843
8.31358125460965
9.529793099875626
9.427876800023016
9.493389851953236
9.024940295331277
8.80091133399262
9.160665198678549
9.714519444075151
9.7215738166047
9.423468847852115
8.425504971370627
9.185537921652207
9.109431878919796
8.543306781883636
9.644510351231103
8.940837009739136
9.217912221683292
8.704237581484767
9.420509932931461
10.17770133596307
10.331436746458955
9.418718132165981
6.300728151547818
10.637555254087008
9.967639601598984
9.470024149746491
9.820948104710787
9.089481562193964
9.514446778649532
9.933798424349447
9.724048536965979
9.338372809626778
9.353502191134352
8.976932838189565
10.632720141434842
10.31858600843091
9.640331820350704
10.777548657978958
9.331261353157304
9.426919027870552
7.618642123605236
9.116440942068282
9.933024438821244
9.932949163990008
10.366472995243731
10.0030336043226
8.772448226646565
10.229618036577623
10.340144909314578
6.389760549120048
10.699973468846302
9.855188107901084
9.830484480726007
10.052523865823632
